#NO EMPTY LINES OR COMMENTS
#Version Number
0.3

#Audio File
68441__pinkyfinger__piano-c.wav

#Number of frames; height; width;
3 10 4

#Time stamp
00:00.000

#Just the tower grid in RGB format
0 0 0 255 0 0 0 0 0 255 0 0 
255 0 0 0 0 0 255 0 0 0 0 0 
0 0 0 255 0 0 0 0 0 255 0 0 
255 0 0 0 0 0 0 0 0 0 0 0 
0 0 0 255 0 0 0 0 0 255 0 0 
255 0 0 0 0 0 255 0 0 0 0 0 
0 0 0 255 0 0 0 0 0 255 0 0 
255 0 0 0 0 0 255 0 0 0 0 0 
0 0 0 0 0 0 0 0 0 255 0 0 
255 0 0 0 0 0 0 0 0 0 0 0 
00:00.050
255 0 0 0 0 0 255 0 0 0 0 0 
0 0 0 255 0 0 0 0 0 255 0 0 
255 0 0 0 0 0 255 0 0 0 0 0 
0 0 0 255 0 0 0 0 0 255 0 0 
255 0 0 0 0 0 0 0 0 0 0 0 
0 0 0 255 0 0 0 0 0 255 0 0 
255 0 0 0 0 0 255 0 0 0 0 0 
0 0 0 255 0 0 0 0 0 255 0 0 
255 0 0 0 0 0 255 0 0 0 0 0 
0 0 0 0 0 0 0 0 0 255 0 0 
00:00.100
255 0 0 0 0 0 255 0 0 0 0 0 
0 0 0 255 0 0 0 0 0 255 0 0 
255 0 0 0 0 0 255 0 0 0 0 0 
0 0 0 255 0 0 0 0 0 255 0 0 
255 0 0 0 0 0 0 0 0 0 0 0 
0 0 0 255 0 0 0 0 0 255 0 0 
255 0 0 0 0 0 255 0 0 0 0 0 
0 0 0 255 0 0 0 0 0 255 0 0 
255 0 0 0 0 0 255 0 0 0 0 0 
0 0 0 0 0 0 0 0 0 255 0 0 
