#NO EMPTY LINES OR COMMENTS
#Version number
0.4

#Audio file
68441__pinkyfinger__piano-c.wav

#Currently selected color
169 169 169

#Color presets
169 169 169 128 128 0 139 0 139 0 139 139 0 0 139 0 100 0 139 0 0 0 0 0 128 128 128 255 255 0 255 0 255 0 255 255 0 0 255 0 128 0 255 0 0 255 255 255 

#Number of frames; height of defined box; width of defined box
6 10 4

#Time stamp in milliseconds
0

#Full RGB grid
255 0 0 0 0 0 0 0 0 0 0 0 0 0 0 0 0 0 255 0 0 0 0 0 0 0 0 0 0 0 255 0 0 0 0 0 
0 0 0 255 0 0 0 0 0 0 0 0 0 0 0 255 0 0 0 0 0 255 0 0 0 0 0 255 0 0 0 0 0 255 0 0 
0 0 0 0 0 0 255 0 0 0 0 0 255 0 0 0 0 0 0 0 0 0 0 0 255 0 0 0 0 0 255 0 0 0 0 0 
0 0 0 0 0 0 0 0 0 255 0 0 0 0 0 0 0 0 0 0 0 255 0 0 0 0 0 255 0 0 0 0 0 0 0 0 
255 0 0 0 0 0 255 0 0 0 0 0 255 0 0 0 0 0 255 0 0 0 0 0 255 0 0 0 0 0 255 0 0 0 0 0 
0 0 0 255 0 0 0 0 0 0 0 0 0 0 0 255 0 0 0 0 0 255 0 0 0 0 0 0 0 0 0 0 0 255 0 0 
255 0 0 0 0 0 255 0 0 0 0 0 255 0 0 0 0 0 255 0 0 0 0 0 0 0 0 0 0 0 255 0 0 0 0 0 
0 0 0 255 0 0 0 0 0 255 0 0 0 0 0 255 0 0 0 0 0 255 0 0 0 0 0 255 0 0 0 0 0 0 0 0 
0 0 0 0 0 0 255 0 0 0 0 0 255 0 0 0 0 0 0 0 0 0 0 0 255 0 0 0 0 0 0 0 0 0 0 0 
0 0 0 255 0 0 0 0 0 255 0 0 0 0 0 255 0 0 0 0 0 255 0 0 0 0 0 255 0 0 0 0 0 0 0 0 
255 0 0 0 0 0 255 0 0 0 0 0 255 0 0 0 0 0 255 0 0 0 0 0 0 0 0 0 0 0 255 0 0 0 0 0 
0 0 0 255 0 0 0 0 0 0 0 0 0 0 0 255 0 0 0 0 0 255 0 0 0 0 0 0 0 0 0 0 0 255 0 0 
255 0 0 0 0 0 255 0 0 0 0 0 255 0 0 0 0 0 255 0 0 0 0 0 255 0 0 0 0 0 255 0 0 0 0 0 
0 0 0 255 0 0 0 0 0 255 0 0 0 0 0 0 0 0 0 0 0 255 0 0 0 0 0 255 0 0 0 0 0 0 0 0 
0 0 0 0 0 0 255 0 0 0 0 0 255 0 0 0 0 0 0 0 0 0 0 0 255 0 0 0 0 0 255 0 0 0 0 0 
0 0 0 255 0 0 0 0 0 255 0 0 0 0 0 255 0 0 0 0 0 255 0 0 0 0 0 255 0 0 0 0 0 255 0 0 
255 0 0 0 0 0 0 0 0 0 0 0 255 0 0 0 0 0 255 0 0 0 0 0 0 0 0 0 0 0 255 0 0 0 0 0 
0 0 0 255 0 0 0 0 0 0 0 0 0 0 0 255 0 0 0 0 0 255 0 0 0 0 0 255 0 0 0 0 0 255 0 0 
0 0 0 0 0 0 255 0 0 0 0 0 255 0 0 0 0 0 255 0 0 0 0 0 255 0 0 0 0 0 255 0 0 0 0 0 
0 0 0 0 0 0 0 0 0 255 0 0 0 0 0 0 0 0 0 0 0 255 0 0 0 0 0 255 0 0 0 0 0 0 0 0 
50
0 0 0 0 0 0 0 0 0 0 0 0 0 0 0 0 0 0 0 0 0 0 0 0 0 0 0 0 0 0 0 0 0 0 0 0 
255 0 0 0 0 0 0 0 0 0 0 0 0 0 0 0 0 0 255 0 0 0 0 0 0 0 0 0 0 0 255 0 0 0 0 0 
0 0 0 255 0 0 0 0 0 0 0 0 0 0 0 255 0 0 0 0 0 255 0 0 0 0 0 255 0 0 0 0 0 255 0 0 
0 0 0 0 0 0 255 0 0 0 0 0 255 0 0 0 0 0 0 0 0 0 0 0 255 0 0 0 0 0 255 0 0 0 0 0 
0 0 0 0 0 0 0 0 0 255 0 0 0 0 0 0 0 0 0 0 0 255 0 0 0 0 0 255 0 0 0 0 0 0 0 0 
255 0 0 0 0 0 255 0 0 0 0 0 255 0 0 0 0 0 255 0 0 0 0 0 255 0 0 0 0 0 255 0 0 0 0 0 
0 0 0 255 0 0 0 0 0 0 0 0 0 0 0 255 0 0 0 0 0 255 0 0 0 0 0 0 0 0 0 0 0 255 0 0 
255 0 0 0 0 0 255 0 0 0 0 0 255 0 0 0 0 0 255 0 0 0 0 0 0 0 0 0 0 0 255 0 0 0 0 0 
0 0 0 255 0 0 0 0 0 255 0 0 0 0 0 255 0 0 0 0 0 255 0 0 0 0 0 255 0 0 0 0 0 0 0 0 
0 0 0 0 0 0 255 0 0 0 0 0 255 0 0 0 0 0 0 0 0 0 0 0 255 0 0 0 0 0 0 0 0 0 0 0 
0 0 0 255 0 0 0 0 0 255 0 0 0 0 0 255 0 0 0 0 0 255 0 0 0 0 0 255 0 0 0 0 0 0 0 0 
255 0 0 0 0 0 255 0 0 0 0 0 255 0 0 0 0 0 255 0 0 0 0 0 0 0 0 0 0 0 255 0 0 0 0 0 
0 0 0 255 0 0 0 0 0 0 0 0 0 0 0 255 0 0 0 0 0 255 0 0 0 0 0 0 0 0 0 0 0 255 0 0 
255 0 0 0 0 0 255 0 0 0 0 0 255 0 0 0 0 0 255 0 0 0 0 0 255 0 0 0 0 0 255 0 0 0 0 0 
0 0 0 255 0 0 0 0 0 255 0 0 0 0 0 0 0 0 0 0 0 255 0 0 0 0 0 255 0 0 0 0 0 0 0 0 
0 0 0 0 0 0 255 0 0 0 0 0 255 0 0 0 0 0 0 0 0 0 0 0 255 0 0 0 0 0 255 0 0 0 0 0 
0 0 0 255 0 0 0 0 0 255 0 0 0 0 0 255 0 0 0 0 0 255 0 0 0 0 0 255 0 0 0 0 0 255 0 0 
255 0 0 0 0 0 0 0 0 0 0 0 255 0 0 0 0 0 255 0 0 0 0 0 0 0 0 0 0 0 255 0 0 0 0 0 
0 0 0 255 0 0 0 0 0 0 0 0 0 0 0 255 0 0 0 0 0 255 0 0 0 0 0 255 0 0 0 0 0 255 0 0 
0 0 0 0 0 0 255 0 0 0 0 0 255 0 0 0 0 0 255 0 0 0 0 0 255 0 0 0 0 0 255 0 0 0 0 0 
100
0 0 0 0 0 0 0 0 0 0 0 0 0 0 0 0 0 0 0 0 0 0 0 0 0 0 0 0 0 0 0 0 0 0 0 0 
255 0 0 0 0 0 0 0 0 0 0 0 0 0 0 0 0 0 255 0 0 0 0 0 0 0 0 0 0 0 255 0 0 0 0 0 
0 0 0 255 0 0 0 0 0 0 0 0 0 0 0 255 0 0 0 0 0 255 0 0 0 0 0 255 0 0 0 0 0 255 0 0 
0 0 0 0 0 0 255 0 0 0 0 0 255 0 0 0 0 0 0 0 0 0 0 0 255 0 0 0 0 0 255 0 0 0 0 0 
0 0 0 0 0 0 0 0 0 255 0 0 0 0 0 0 0 0 0 0 0 255 0 0 0 0 0 255 0 0 0 0 0 0 0 0 
255 0 0 0 0 0 255 0 0 0 0 0 255 0 0 0 0 0 255 0 0 0 0 0 255 0 0 0 0 0 255 0 0 0 0 0 
0 0 0 255 0 0 0 0 0 0 0 0 0 0 0 255 0 0 0 0 0 255 0 0 0 0 0 0 0 0 0 0 0 255 0 0 
255 0 0 0 0 0 255 0 0 0 0 0 255 0 0 0 0 0 255 0 0 0 0 0 0 0 0 0 0 0 255 0 0 0 0 0 
0 0 0 255 0 0 0 0 0 255 0 0 0 0 0 255 0 0 0 0 0 255 0 0 0 0 0 255 0 0 0 0 0 0 0 0 
0 0 0 0 0 0 255 0 0 0 0 0 255 0 0 0 0 0 0 0 0 0 0 0 255 0 0 0 0 0 0 0 0 0 0 0 
0 0 0 255 0 0 0 0 0 255 0 0 0 0 0 255 0 0 0 0 0 255 0 0 0 0 0 255 0 0 0 0 0 0 0 0 
255 0 0 0 0 0 255 0 0 0 0 0 255 0 0 0 0 0 255 0 0 0 0 0 0 0 0 0 0 0 255 0 0 0 0 0 
0 0 0 255 0 0 0 0 0 0 0 0 0 0 0 255 0 0 0 0 0 255 0 0 0 0 0 0 0 0 0 0 0 255 0 0 
255 0 0 0 0 0 255 0 0 0 0 0 255 0 0 0 0 0 255 0 0 0 0 0 255 0 0 0 0 0 255 0 0 0 0 0 
0 0 0 255 0 0 0 0 0 255 0 0 0 0 0 0 0 0 0 0 0 255 0 0 0 0 0 255 0 0 0 0 0 0 0 0 
0 0 0 0 0 0 255 0 0 0 0 0 255 0 0 0 0 0 0 0 0 0 0 0 255 0 0 0 0 0 255 0 0 0 0 0 
0 0 0 255 0 0 0 0 0 255 0 0 0 0 0 255 0 0 0 0 0 255 0 0 0 0 0 255 0 0 0 0 0 255 0 0 
255 0 0 0 0 0 0 0 0 0 0 0 255 0 0 0 0 0 255 0 0 0 0 0 0 0 0 0 0 0 255 0 0 0 0 0 
0 0 0 255 0 0 0 0 0 0 0 0 0 0 0 255 0 0 0 0 0 255 0 0 0 0 0 255 0 0 0 0 0 255 0 0 
0 0 0 0 0 0 255 0 0 0 0 0 255 0 0 0 0 0 255 0 0 0 0 0 255 0 0 0 0 0 255 0 0 0 0 0 
150
255 0 0 0 0 0 0 0 0 0 0 0 0 0 0 0 0 0 255 0 0 0 0 0 0 0 0 0 0 0 255 0 0 0 0 0 
0 0 0 255 0 0 0 0 0 0 0 0 0 0 0 255 0 0 0 0 0 255 0 0 0 0 0 255 0 0 0 0 0 255 0 0 
0 0 0 0 0 0 255 0 0 0 0 0 255 0 0 0 0 0 0 0 0 0 0 0 255 0 0 0 0 0 255 0 0 0 0 0 
0 0 0 0 0 0 0 0 0 255 0 0 0 0 0 0 0 0 0 0 0 255 0 0 0 0 0 255 0 0 0 0 0 0 0 0 
255 0 0 0 0 0 255 0 0 0 0 0 255 0 0 0 0 0 255 0 0 0 0 0 255 0 0 0 0 0 255 0 0 0 0 0 
0 0 0 255 0 0 0 0 0 0 0 0 0 0 0 255 0 0 0 0 0 255 0 0 0 0 0 0 0 0 0 0 0 255 0 0 
255 0 0 0 0 0 255 0 0 0 0 0 255 0 0 0 0 0 255 0 0 0 0 0 0 0 0 0 0 0 255 0 0 0 0 0 
0 0 0 255 0 0 0 0 0 255 0 0 0 0 0 255 0 0 0 0 0 255 0 0 0 0 0 255 0 0 0 0 0 0 0 0 
0 0 0 0 0 0 255 0 0 0 0 0 255 0 0 0 0 0 0 0 0 0 0 0 255 0 0 0 0 0 0 0 0 0 0 0 
0 0 0 255 0 0 0 0 0 255 0 0 0 0 0 255 0 0 0 0 0 255 0 0 0 0 0 255 0 0 0 0 0 0 0 0 
255 0 0 0 0 0 255 0 0 0 0 0 255 0 0 0 0 0 255 0 0 0 0 0 0 0 0 0 0 0 255 0 0 0 0 0 
0 0 0 255 0 0 0 0 0 0 0 0 0 0 0 255 0 0 0 0 0 255 0 0 0 0 0 0 0 0 0 0 0 255 0 0 
255 0 0 0 0 0 255 0 0 0 0 0 255 0 0 0 0 0 255 0 0 0 0 0 255 0 0 0 0 0 255 0 0 0 0 0 
0 0 0 255 0 0 0 0 0 255 0 0 0 0 0 0 0 0 0 0 0 255 0 0 0 0 0 255 0 0 0 0 0 0 0 0 
0 0 0 0 0 0 255 0 0 0 0 0 255 0 0 0 0 0 0 0 0 0 0 0 255 0 0 0 0 0 255 0 0 0 0 0 
0 0 0 255 0 0 0 0 0 255 0 0 0 0 0 255 0 0 0 0 0 255 0 0 0 0 0 255 0 0 0 0 0 255 0 0 
255 0 0 0 0 0 0 0 0 0 0 0 255 0 0 0 0 0 255 0 0 0 0 0 0 0 0 0 0 0 255 0 0 0 0 0 
0 0 0 255 0 0 0 0 0 0 0 0 0 0 0 255 0 0 0 0 0 255 0 0 0 0 0 255 0 0 0 0 0 255 0 0 
0 0 0 0 0 0 255 0 0 0 0 0 255 0 0 0 0 0 255 0 0 0 0 0 255 0 0 0 0 0 255 0 0 0 0 0 
0 0 0 0 0 0 0 0 0 0 0 0 0 0 0 0 0 0 0 0 0 0 0 0 0 0 0 0 0 0 0 0 0 0 0 0 
200
0 0 0 255 0 0 0 0 0 0 0 0 0 0 0 255 0 0 0 0 0 255 0 0 0 0 0 255 0 0 0 0 0 255 0 0 
0 0 0 0 0 0 255 0 0 0 0 0 255 0 0 0 0 0 0 0 0 0 0 0 255 0 0 0 0 0 255 0 0 0 0 0 
0 0 0 0 0 0 0 0 0 255 0 0 0 0 0 0 0 0 0 0 0 255 0 0 0 0 0 255 0 0 0 0 0 0 0 0 
255 0 0 0 0 0 255 0 0 0 0 0 255 0 0 0 0 0 255 0 0 0 0 0 255 0 0 0 0 0 255 0 0 0 0 0 
0 0 0 255 0 0 0 0 0 0 0 0 0 0 0 255 0 0 0 0 0 255 0 0 0 0 0 0 0 0 0 0 0 255 0 0 
255 0 0 0 0 0 255 0 0 0 0 0 255 0 0 0 0 0 255 0 0 0 0 0 0 0 0 0 0 0 255 0 0 0 0 0 
0 0 0 255 0 0 0 0 0 255 0 0 0 0 0 255 0 0 0 0 0 255 0 0 0 0 0 255 0 0 0 0 0 0 0 0 
0 0 0 0 0 0 255 0 0 0 0 0 255 0 0 0 0 0 0 0 0 0 0 0 255 0 0 0 0 0 0 0 0 0 0 0 
0 0 0 255 0 0 0 0 0 255 0 0 0 0 0 255 0 0 0 0 0 255 0 0 0 0 0 255 0 0 0 0 0 0 0 0 
255 0 0 0 0 0 255 0 0 0 0 0 255 0 0 0 0 0 255 0 0 0 0 0 0 0 0 0 0 0 255 0 0 0 0 0 
0 0 0 255 0 0 0 0 0 0 0 0 0 0 0 255 0 0 0 0 0 255 0 0 0 0 0 0 0 0 0 0 0 255 0 0 
255 0 0 0 0 0 255 0 0 0 0 0 255 0 0 0 0 0 255 0 0 0 0 0 255 0 0 0 0 0 255 0 0 0 0 0 
0 0 0 255 0 0 0 0 0 255 0 0 0 0 0 0 0 0 0 0 0 255 0 0 0 0 0 255 0 0 0 0 0 0 0 0 
0 0 0 0 0 0 255 0 0 0 0 0 255 0 0 0 0 0 0 0 0 0 0 0 255 0 0 0 0 0 255 0 0 0 0 0 
0 0 0 255 0 0 0 0 0 255 0 0 0 0 0 255 0 0 0 0 0 255 0 0 0 0 0 255 0 0 0 0 0 255 0 0 
255 0 0 0 0 0 0 0 0 0 0 0 255 0 0 0 0 0 255 0 0 0 0 0 0 0 0 0 0 0 255 0 0 0 0 0 
0 0 0 255 0 0 0 0 0 0 0 0 0 0 0 255 0 0 0 0 0 255 0 0 0 0 0 255 0 0 0 0 0 255 0 0 
0 0 0 0 0 0 255 0 0 0 0 0 255 0 0 0 0 0 255 0 0 0 0 0 255 0 0 0 0 0 255 0 0 0 0 0 
0 0 0 0 0 0 0 0 0 0 0 0 0 0 0 0 0 0 0 0 0 0 0 0 0 0 0 0 0 0 0 0 0 0 0 0 
0 0 0 0 0 0 0 0 0 0 0 0 0 0 0 0 0 0 0 0 0 0 0 0 0 0 0 0 0 0 0 0 0 0 0 0 
250
0 0 0 0 0 0 255 0 0 0 0 0 255 0 0 0 0 0 0 0 0 0 0 0 255 0 0 0 0 0 255 0 0 0 0 0 
0 0 0 0 0 0 0 0 0 255 0 0 0 0 0 0 0 0 0 0 0 255 0 0 0 0 0 255 0 0 0 0 0 0 0 0 
255 0 0 0 0 0 255 0 0 0 0 0 255 0 0 0 0 0 255 0 0 0 0 0 255 0 0 0 0 0 255 0 0 0 0 0 
0 0 0 255 0 0 0 0 0 0 0 0 0 0 0 255 0 0 0 0 0 255 0 0 0 0 0 0 0 0 0 0 0 255 0 0 
255 0 0 0 0 0 255 0 0 0 0 0 255 0 0 0 0 0 255 0 0 0 0 0 0 0 0 0 0 0 255 0 0 0 0 0 
0 0 0 255 0 0 0 0 0 255 0 0 0 0 0 255 0 0 0 0 0 255 0 0 0 0 0 255 0 0 0 0 0 0 0 0 
0 0 0 0 0 0 255 0 0 0 0 0 255 0 0 0 0 0 0 0 0 0 0 0 255 0 0 0 0 0 0 0 0 0 0 0 
0 0 0 255 0 0 0 0 0 255 0 0 0 0 0 255 0 0 0 0 0 255 0 0 0 0 0 255 0 0 0 0 0 0 0 0 
255 0 0 0 0 0 255 0 0 0 0 0 255 0 0 0 0 0 255 0 0 0 0 0 0 0 0 0 0 0 255 0 0 0 0 0 
0 0 0 255 0 0 0 0 0 0 0 0 0 0 0 255 0 0 0 0 0 255 0 0 0 0 0 0 0 0 0 0 0 255 0 0 
255 0 0 0 0 0 255 0 0 0 0 0 255 0 0 0 0 0 255 0 0 0 0 0 255 0 0 0 0 0 255 0 0 0 0 0 
0 0 0 255 0 0 0 0 0 255 0 0 0 0 0 0 0 0 0 0 0 255 0 0 0 0 0 255 0 0 0 0 0 0 0 0 
0 0 0 0 0 0 255 0 0 0 0 0 255 0 0 0 0 0 0 0 0 0 0 0 255 0 0 0 0 0 255 0 0 0 0 0 
0 0 0 255 0 0 0 0 0 255 0 0 0 0 0 255 0 0 0 0 0 255 0 0 0 0 0 255 0 0 0 0 0 255 0 0 
255 0 0 0 0 0 0 0 0 0 0 0 255 0 0 0 0 0 255 0 0 0 0 0 0 0 0 0 0 0 255 0 0 0 0 0 
0 0 0 255 0 0 0 0 0 0 0 0 0 0 0 255 0 0 0 0 0 255 0 0 0 0 0 255 0 0 0 0 0 255 0 0 
0 0 0 0 0 0 255 0 0 0 0 0 255 0 0 0 0 0 255 0 0 0 0 0 255 0 0 0 0 0 255 0 0 0 0 0 
0 0 0 0 0 0 0 0 0 0 0 0 0 0 0 0 0 0 0 0 0 0 0 0 0 0 0 0 0 0 0 0 0 0 0 0 
0 0 0 0 0 0 0 0 0 0 0 0 0 0 0 0 0 0 0 0 0 0 0 0 0 0 0 0 0 0 0 0 0 0 0 0 
0 0 0 0 0 0 0 0 0 0 0 0 0 0 0 0 0 0 0 0 0 0 0 0 0 0 0 0 0 0 0 0 0 0 0 0 
